cam0=[f 0 cx; 0 f cy; 0 0 1]
cam0=[3989.963 0 1039.414; 0 3989.963 956.875; 0 0 1]
cam1=[3989.963 0 1194.824; 0 3989.963 956.875; 0 0 1]